(400, 400, 400, 1000),(20, 25, 25, 20),0.0,(True, True, True, True):0.0,31.666455086166366,7.938844785178933,7.884737506227155,7.884737506227483,7.958135288698961,0.0
(400, 400, 400, 1000),(20, 25, 25, 20),1,(True, True, True, True):8.102178133188724,0.009102178124088972,-0.80479089116904,-0.8047903669336005,-0.8047903669335786,2.4234738031602983,1.0
(400, 400, 400, 1000),(20, 25, 25, 20),1.0,(True, True, True, True):8.102178133188724,0.009102178124088972,-0.80479089116904,-0.8047903669336005,-0.8047903669335786,2.4234738031602983,1.0
(400, 400, 400, 1000),(20, 25, 25, 20),0.99,(True, True, True, True):8.079462306467185,0.489079462297387,-0.8047681757738592,-0.8047676515384194,-0.8047676515383977,2.903382941148053,0.99
(400, 400, 400, 1000),(20, 25, 25, 20),0.98,(True, True, True, True):8.056744336416928,0.9690567443273598,-0.8047454582353903,-0.8047449339999504,-0.8047449339999289,3.3832920705626184,0.98
(400, 400, 400, 1000),(20, 25, 25, 20),0.97,(True, True, True, True):8.034011196247352,1.4490340111872133,-0.8047227255270903,-0.8047222012916502,-0.8047222012916287,3.863201139297572,0.97
(400, 400, 400, 1000),(20, 25, 25, 20),0.96,(True, True, True, True):8.011170692145997,1.9290111706831334,-0.8046998854568983,-0.8046993612214578,-0.8046993612214366,4.343109778582915,0.96
(400, 400, 400, 1000),(20, 25, 25, 20),0.95,(True, True, True, True):7.987570719288649,2.4089875707103072,-0.804676285932378,-0.8046757616969373,-0.8046757616969163,4.8230153800365265,0.95
(400, 400, 400, 1000),(20, 25, 25, 20),0.94,(True, True, True, True):7.9586174065521496,2.8889586173975914,-0.8046473331696781,-0.804646808934237,-0.8046468089342161,5.30289956843571,0.94
(400, 400, 400, 1000),(20, 25, 25, 20),0.93,(True, True, True, True):7.892839342246939,3.3688928393333546,-0.8045815563549823,-0.8045810321195406,-0.8045810321195201,5.782636459927384,0.93
(400, 400, 400, 1000),(20, 25, 25, 20),0.92,(True, True, True, True):7.608487923505246,3.848608487914887,-0.8042972103381664,-0.8042966861027216,-0.8042966861027032,6.261499070458462,0.92
(400, 400, 400, 1000),(20, 25, 25, 20),0.91,(True, True, True, True):6.57517728248509,4.327575177274909,-0.8032639193273189,-0.8032633950918632,-0.8032633950918516,6.737365886785913,0.91
(400, 400, 400, 1000),(20, 25, 25, 20),0.9,(True, True, True, True):4.525864741237349,4.805525864735704,-0.801214645717596,-0.8012141214821187,-0.8012141214821207,7.209168753417486,0.9
(400, 400, 400, 1000),(20, 25, 25, 20),0.89,(True, True, True, True):3.3099326894573613,5.284309932685146,-0.733504689120561,-0.7059094998409027,-0.7059094998405138,7.4296336214886844,0.89
(400, 400, 400, 1000),(20, 25, 25, 20),0.88,(True, True, True, True):3.3068963963395435,5.764306896392033,-0.5736805348870138,-0.5460853456094831,-0.5460853456077895,7.430158122500663,0.88
(400, 400, 400, 1000),(20, 25, 25, 20),0.87,(True, True, True, True):3.3038601025502157,6.244303860098241,-0.41385634530752036,-0.38626115603156197,-0.38626115602775335,7.430682517470858,0.87
(400, 400, 400, 1000),(20, 25, 25, 20),0.86,(True, True, True, True):3.300823808090237,6.72430082380379,-0.2540321204260163,-0.22643693115176325,-0.22643693114653352,7.431206806536283,0.86
(400, 400, 400, 1000),(20, 25, 25, 20),0.85,(True, True, True, True):3.297787512960506,7.204297787508661,-0.09420786029024998,-0.06661267101548032,-0.06661267101156707,7.431730989836361,0.85
(400, 400, 400, 1000),(20, 25, 25, 20),0.84,(True, True, True, True):3.2947512171618607,7.68429475121287,0.06561643505586014,0.09321162432533833,0.09321162433363762,7.432255067510868,0.84
(400, 400, 400, 1000),(20, 25, 25, 20),0.83,(True, True, True, True):3.2917149206952017,8.16429171491641,0.2254407655638051,0.2530359548302138,0.2530359548398773,7.432779039697424,0.83
(400, 400, 400, 1000),(20, 25, 25, 20),0.82,(True, True, True, True):3.2886786235613905,8.644288678619267,0.3852651311878828,0.41286032045378496,0.4128603204605404,7.433302906534501,0.82
(400, 400, 400, 1000),(20, 25, 25, 20),0.81,(True, True, True, True):3.285642325761188,9.124285642321468,0.545089531889833,0.5726847211453084,0.57268472115172,7.433826668160484,0.81
(400, 400, 400, 1000),(20, 25, 25, 20),0.8,(True, True, True, True):3.282606027295468,9.604282606023007,0.7049139676160832,0.7325091568578593,0.7325091568650098,7.434350324713043,0.8
(400, 400, 400, 1000),(20, 25, 25, 20),0.79,(True, True, True, True):3.2795697281649034,10.084279569723881,0.8647384383285481,0.8923336275449721,0.8923336275528048,7.434873876329923,0.79
(400, 400, 400, 1000),(20, 25, 25, 20),0.78,(True, True, True, True):3.276533428370035,10.564276533424085,1.0245629439893704,1.0521581331569088,1.0521581331655943,7.43539732314732,0.78
(400, 400, 400, 1000),(20, 25, 25, 20),0.77,(True, True, True, True):3.273497127911077,11.044273497123633,1.1843874845673994,1.2119826736409756,1.2119826736502863,7.435920665303249,0.77
(400, 400, 400, 1000),(20, 25, 25, 20),0.76,(True, True, True, True):3.2704608267876676,11.524270460822517,1.3442120600414327,1.371807248932566,1.3718072489455173,7.4364439029341804,0.76
(400, 400, 400, 1000),(20, 25, 25, 20),0.75,(True, True, True, True):3.267424524997919,12.004267424520727,1.5040366704372203,1.5316318589695903,1.5316318589805495,7.436967036177768,0.75
(400, 400, 400, 1000),(20, 25, 25, 20),0.74,(True, True, True, True):3.2643882225377485,12.484264388218277,1.6638613158128563,1.6914565036358205,1.6914565036475755,7.437490065169661,0.74
(400, 400, 400, 1000),(20, 25, 25, 20),0.73,(True, True, True, True):3.261351919397958,12.96426135191514,1.8236859963336414,1.8512811827854854,1.8512811827979225,7.4380129900487395,0.73
(400, 400, 400, 1000),(20, 25, 25, 20),0.72,(True, True, True, True):3.2583156155593906,13.444258315611302,1.983510712380938,2.0111058961590382,2.011105896172157,7.438535810952792,0.72
(400, 400, 400, 1000),(20, 25, 25, 20),0.71,(True, True, True, True):3.255279310983103,13.92425527930673,2.143335464760047,2.1709306432820066,2.1709306432959212,7.439058528025291,0.71
(400, 400, 400, 1000),(20, 25, 25, 20),0.7,(True, True, True, True):3.2522430055912865,14.404252243001345,2.3031602550469517,2.3307554232838013,2.330755423301414,7.439581141414075,0.7
(400, 400, 400, 1000),(20, 25, 25, 20),0.69,(True, True, True, True):3.249206699228135,14.884249206694983,2.4629850864435854,2.4905802345077044,2.490580234525655,7.440103651280899,0.69
(400, 400, 400, 1000),(20, 25, 25, 20),0.68,(True, True, True, True):3.246170391584908,15.36424617038734,2.6228099651052377,2.650405073749209,2.6504050737686407,7.440626057813753,0.68
(400, 400, 400, 1000),(20, 25, 25, 20),0.67,(True, True, True, True):3.2431340820464136,15.844243134077798,2.7826349033266284,2.8102299347749957,2.810229934791923,7.44114836125302,0.67
(400, 400, 400, 1000),(20, 25, 25, 20),0.66,(True, True, True, True):3.2400977693926833,16.324240097765152,2.9424599250026846,2.970054805437358,2.9700548054548537,7.441670561942167,0.66
(400, 400, 400, 1000),(20, 25, 25, 20),0.65,(True, True, True, True):3.237061451201105,16.80423706144696,3.102285076973108,3.1298796620656257,3.129879662119362,7.442192660431275,0.65
(400, 400, 400, 1000),(20, 25, 25, 20),0.64,(True, True, True, True):3.234025122664997,17.284234025118426,3.2621104508230916,3.289704458337085,3.289704458356286,7.442714657679992,0.64
(400, 400, 400, 1000),(20, 25, 25, 20),0.63,(True, True, True, True):3.2309887742433503,17.764230988770013,3.4219362254342274,3.449529103968062,3.4495291039881155,7.443236555460792,0.63
(400, 400, 400, 1000),(20, 25, 25, 20),0.62,(True, True, True, True):3.227952387003966,18.24422795238278,3.5817627502059155,3.60935342254139,3.6093534225621258,7.443758357157569,0.62
(400, 400, 400, 1000),(20, 25, 25, 20),0.61,(True, True, True, True):3.2249159233762876,18.724224915919155,3.741590707164449,3.769177069731456,3.769177069753587,7.444280069354293,0.61
(400, 400, 400, 1000),(20, 25, 25, 20),0.6,(True, True, True, True):3.221879308802504,19.20422187930458,3.9014214270922354,3.9289993736490922,3.928999373671363,7.444801704981976,0.6
(400, 400, 400, 1000),(20, 25, 25, 20),0.59,(True, True, True, True):3.2188423953253054,19.68421884239111,4.061257504871467,4.088819024009795,4.0888190240363285,7.445323289566679,0.59
(400, 400, 400, 1000),(20, 25, 25, 20),0.58,(True, True, True, True):3.215804889329808,20.164215804885117,4.221103996407068,4.248633467442781,4.248633467495614,7.445844873624264,0.58
(400, 400, 400, 1000),(20, 25, 25, 20),0.57,(True, True, True, True):3.212766208164439,20.644212766203957,4.380970741120425,4.408437733956121,4.408437733980494,7.446366557246413,0.57
(400, 400, 400, 1000),(20, 25, 25, 20),0.56,(True, True, True, True):3.209725195698466,21.124209725191488,4.5408768481948165,4.568222169084845,4.568222169115019,7.4468885388740285,0.56
(400, 400, 400, 1000),(20, 25, 25, 20),0.55,(True, True, True, True):3.20667955821774,21.604206679554004,4.700859296811675,4.72796808541186,4.727968085437541,7.4474112119985625,0.55
(400, 400, 400, 1000),(20, 25, 25, 20),0.54,(True, True, True, True):3.2036247464946284,22.084203624742287,4.86098916065632,4.8876395537011925,4.887639553727442,7.447935356765831,0.54
(400, 400, 400, 1000),(20, 25, 25, 20),0.53,(True, True, True, True):3.200551743100354,22.564200551738892,5.021401252037183,5.04716839032436,5.047168390351234,7.44846251913784,0.53
(400, 400, 400, 1000),(20, 25, 25, 20),0.52,(True, True, True, True):3.1974426925275305,23.04419744268833,5.182344693392427,5.206428494922464,5.206428494949679,7.448995759538568,0.52
(400, 400, 400, 1000),(20, 25, 25, 20),0.51,(True, True, True, True):3.194262299723497,23.52419426229553,5.34425623925674,5.3651984485061215,5.365198448532939,7.449541126117558,0.51
(400, 400, 400, 1000),(20, 25, 25, 20),0.5,(True, True, True, True):3.1909409605257055,24.004190940956335,5.507822097107894,5.523129150275438,5.52312915030129,7.450110543392632,0.5
(400, 400, 400, 1000),(20, 25, 25, 20),0.49,(True, True, True, True):3.187341680118905,24.484187341675934,5.673882652197538,5.679788607262037,5.679788607290506,7.450727475018831,0.49
(400, 400, 400, 1000),(20, 25, 25, 20),0.48,(True, True, True, True):3.1831946103637137,24.964183194606182,5.842882612337437,5.834931229039555,5.834931229059552,7.4514381242966214,0.48
(400, 400, 400, 1000),(20, 25, 25, 20),0.47,(True, True, True, True):3.1779661802724384,25.444177966176092,6.013861306319061,5.988991425101674,5.9889914251170095,7.452333809768354,0.47
(400, 400, 400, 1000),(20, 25, 25, 20),0.46,(True, True, True, True):3.1706023720730725,25.9241706023679,6.184238677679421,6.143168560884804,6.143168560897183,7.453594803039571,0.46
(400, 400, 400, 1000),(20, 25, 25, 20),0.45,(True, True, True, True):3.159049020958036,26.404159049016798,6.351539908436094,6.298523552610624,6.298523552623328,7.455572035553998,0.45
(400, 400, 400, 1000),(20, 25, 25, 20),0.44,(True, True, True, True):3.139400540077038,26.884139400535936,6.514964637212277,6.455121705363227,6.455121705367136,7.458931352732427,0.44
(400, 400, 400, 1000),(20, 25, 25, 20),0.43,(True, True, True, True):3.1045294250853175,27.364104529420977,6.674878593189394,6.612171405541788,6.612171405543822,7.464883125288245,0.43
(400, 400, 400, 1000),(20, 25, 25, 20),0.42,(True, True, True, True):3.042365528746407,27.84404236552471,6.831627708312656,6.768476602329302,6.768476602330597,7.475461452697139,0.42
(400, 400, 400, 1000),(20, 25, 25, 20),0.41,(True, True, True, True):2.934999618254742,28.323934999614316,6.984991802632724,6.922652320950633,6.922652320951303,7.493638555227583,0.41
(400, 400, 400, 1000),(20, 25, 25, 20),0.4,(True, True, True, True):2.7610666259796095,28.80376106662221,7.134302626343899,7.073306070852866,7.073306070853479,7.522846298722718,0.4
(400, 400, 400, 1000),(20, 25, 25, 20),0.39,(True, True, True, True):2.5025711441896057,29.283502571140684,7.278938791744995,7.219409511692377,7.219409511692649,7.56574475616437,0.39
(400, 400, 400, 1000),(20, 25, 25, 20),0.38,(True, True, True, True):2.151893911454838,29.7631518939083,7.418790211280655,7.360651830453194,7.360651830453523,7.623058021877362,0.38
(400, 400, 400, 1000),(20, 25, 25, 20),0.37,(True, True, True, True):1.7128508666679731,30.242712850863956,7.554321624384986,7.497422263379733,7.497422263380005,7.693546699878218,0.37
(400, 400, 400, 1000),(20, 25, 25, 20),0.36,(True, True, True, True):1.1962203325470635,30.72219622033035,7.686303580716331,7.630480995621395,7.630480995621555,7.77493064849211,0.36
(400, 400, 400, 1000),(20, 25, 25, 20),0.35,(True, True, True, True):0.6147110027031536,31.201614711001092,7.815529522388065,7.760637609949343,7.760637609949614,7.864809968878055,0.35
(400, 400, 400, 1000),(20, 25, 25, 20),0.34,(True, True, True, True):0.0,31.66644316927622,7.938841644396692,7.884734346636581,7.884734346636923,7.958132831730653,0.34
(400, 400, 400, 1000),(20, 25, 25, 20),0.33,(True, True, True, True):0.0,31.66644351973278,7.938841736772677,7.884734439565862,7.8847344395661905,7.958132903994531,0.33
(400, 400, 400, 1000),(20, 25, 25, 20),0.32,(True, True, True, True):0.0,31.66644387023135,7.93884182914886,7.884734532495075,7.884734532495176,7.95813297625866,0.32
(400, 400, 400, 1000),(20, 25, 25, 20),0.31,(True, True, True, True):0.0,31.66644422077085,7.938841921524531,7.884734625424255,7.8847346254246435,7.9581330485219235,0.31
(400, 400, 400, 1000),(20, 25, 25, 20),0.3,(True, True, True, True):0.0,31.666444571227554,7.938842013900601,7.884734718353443,7.884734718353545,7.958133120786235,0.3
(400, 400, 400, 1000),(20, 25, 25, 20),0.29,(True, True, True, True):0.0,31.666444921725724,7.938842106276841,7.884734811282713,7.884734811282814,7.958133193049682,0.29
(400, 400, 400, 1000),(20, 25, 25, 20),0.28,(True, True, True, True):0.0,31.666445272223978,7.9388421986528535,7.884734904211926,7.884734904212141,7.958133265313356,0.28
(400, 400, 400, 1000),(20, 25, 25, 20),0.27,(True, True, True, True):0.0,31.666445622721945,7.938842291028809,7.884734997140911,7.884734997141183,7.958133337577485,0.27
(400, 400, 400, 1000),(20, 25, 25, 20),0.26,(True, True, True, True):0.0,31.66644597326194,7.938842383404708,7.884735090070319,7.88473509007048,7.958133409840976,0.26
(400, 400, 400, 1000),(20, 25, 25, 20),0.25,(True, True, True, True):0.0,31.666446323718322,7.938842475780778,7.884735182999564,7.884735182999608,7.958133482104606,0.25
(400, 400, 400, 1000),(20, 25, 25, 20),0.24,(True, True, True, True):0.0,31.666446674258136,7.938842568156761,7.8847352759286515,7.884735275928766,7.958133554368532,0.24
(400, 400, 400, 1000),(20, 25, 25, 20),0.23,(True, True, True, True):0.0,31.666447024736815,7.938842660532886,7.88473536885804,7.884735368858577,7.958133626632343,0.23
(400, 400, 400, 1000),(20, 25, 25, 20),0.22,(True, True, True, True):0.0,31.6664473752351,7.938842752908899,7.884735461787367,7.884735461787789,7.9581336988964715,0.22
(400, 400, 400, 1000),(20, 25, 25, 20),0.21,(True, True, True, True):0.0,31.666447725710867,7.938842845284601,7.884735554716188,7.884735554716516,7.958133771159985,0.21
(400, 400, 400, 1000),(20, 25, 25, 20),0.2,(True, True, True, True):0.0,31.666448076208763,7.938842937660784,7.884735647645344,7.884735647645274,7.958133843423659,0.2
(400, 400, 400, 1000),(20, 25, 25, 20),0.19,(True, True, True, True):0.0,31.66644842670724,7.9388430300367965,7.8847357405744996,7.884735740574544,7.958133915687561,0.19
(400, 400, 400, 1000),(20, 25, 25, 20),0.18,(True, True, True, True):0.0,31.666448777204906,7.938843122412752,7.884735833503485,7.884735833503757,7.958133987951462,0.18
(400, 400, 400, 1000),(20, 25, 25, 20),0.17,(True, True, True, True):0.0,31.666449127702656,7.938843214788935,7.884735926432698,7.8847359264329695,7.958134060214454,0.17
(400, 400, 400, 1000),(20, 25, 25, 20),0.16,(True, True, True, True):0.0,31.66644947820078,7.938843307164436,7.884736019362138,7.884736019362069,7.958134132478583,0.16
(400, 400, 400, 1000),(20, 25, 25, 20),0.15,(True, True, True, True):0.0,31.666449828698774,7.938843399540449,7.88473611229101,7.8847361122912245,7.958134204742257,0.15
(400, 400, 400, 1000),(20, 25, 25, 20),0.14,(True, True, True, True):0.0,31.666450179196744,7.938843491916462,7.884736205220109,7.88473620522021,7.958134277006386,0.14
(400, 400, 400, 1000),(20, 25, 25, 20),0.13,(True, True, True, True):0.0,31.666450529694714,7.938843584292247,7.884736298149378,7.884736298149423,7.95813434927006,0.13
(400, 400, 400, 1000),(20, 25, 25, 20),0.12,(True, True, True, True):0.0,31.66645088019254,7.9388436766682595,7.884736391078307,7.884736391078579,7.958134421533734,0.12
(400, 400, 400, 1000),(20, 25, 25, 20),0.11,(True, True, True, True):0.0,31.666451230690537,7.938843769044215,7.88473648400752,7.884736484007564,7.958134493797409,0.11
(400, 400, 400, 1000),(20, 25, 25, 20),0.1,(True, True, True, True):0.0,31.666451581188305,7.938843861420171,7.8847365769363345,7.884736576936663,7.95813456606131,0.1
(400, 400, 400, 1000),(20, 25, 25, 20),0.09,(True, True, True, True):0.0,31.666451931727707,7.9388439537958995,7.884736669865572,7.88473666986579,7.958134638325029,0.09
(400, 400, 400, 1000),(20, 25, 25, 20),0.08,(True, True, True, True):0.0,31.666452282225638,7.938844046171769,7.884736762794635,7.88473676279509,7.95813471058891,0.08
(400, 400, 400, 1000),(20, 25, 25, 20),0.07,(True, True, True, True):0.0,31.66645263268227,7.938844138548038,7.8847368557236885,7.884736855724017,7.95813478285256,0.07
(400, 400, 400, 1000),(20, 25, 25, 20),0.06,(True, True, True, True):0.0,31.66645298317976,7.93884423092371,7.884736948652901,7.884736948653059,7.9581348551164615,0.06
(400, 400, 400, 1000),(20, 25, 25, 20),0.05,(True, True, True, True):0.0,31.66645333364478,7.938844323299955,7.884737041582142,7.884737041582204,7.95813492738026,0.05
(400, 400, 400, 1000),(20, 25, 25, 20),0.04,(True, True, True, True):0.0,31.66645368417528,7.938844415675565,7.8847371345110995,7.884737134511144,7.95813499964381,0.04
(400, 400, 400, 1000),(20, 25, 25, 20),0.03,(True, True, True, True):0.0,31.666454034673116,7.93884450805135,7.884737227440085,7.884737227440186,7.958135071907711,0.03
(400, 400, 400, 1000),(20, 25, 25, 20),0.02,(True, True, True, True):0.0,31.666454385170862,7.938844600427135,7.884737320369184,7.884737320369342,7.958135144171613,0.02
(400, 400, 400, 1000),(20, 25, 25, 20),0.01,(True, True, True, True):0.0,31.66645473566853,7.938844692803205,7.884737413298169,7.884737413298498,7.95813521643506,0.01
(600, 600, 800, 400),(20, 25, 20, 20),0.0,(True, True, True, True):0.0,31.787015851303444,7.966107154191606,7.9132979512526145,7.96876598394699,7.938844761976485,0.0
(600, 600, 800, 400),(20, 25, 20, 20),1,(True, True, True, True):6.488156067273995,0.007488156059785873,-0.8015259763486245,-0.8015251908957054,2.413716223069105,-0.8031768997652263,1.0
(600, 600, 800, 400),(20, 25, 20, 20),1.0,(True, True, True, True):6.488156067273995,0.007488156059785873,-0.8015259763486245,-0.8015251908957054,2.413716223069105,-0.8031768997652263,1.0
(600, 600, 800, 400),(20, 25, 20, 20),0.99,(True, True, True, True):6.469962308221648,0.4874699623007514,-0.8015077831074284,-0.8015069976545094,2.8936434494142595,-0.8031587063518071,0.99
(600, 600, 800, 400),(20, 25, 20, 20),0.98,(True, True, True, True):6.451768014402501,0.9674517680069493,-0.8014895893314806,-0.8014888038785618,3.3735706736203874,-0.8031405124036312,0.98
(600, 600, 800, 400),(20, 25, 20, 20),0.97,(True, True, True, True):6.433569778006301,1.4474335697705676,-0.8014713916130681,-0.8014706061601494,3.853497882056503,-0.8031223145129531,0.97
(600, 600, 800, 400),(20, 25, 20, 20),0.96,(True, True, True, True):6.415342475459213,1.927415342468046,-0.8014531648293319,-0.8014523793764133,4.333424974230233,-0.8031040875566764,0.96
(600, 600, 800, 400),(20, 25, 20, 20),0.95,(True, True, True, True):6.396900917008479,2.4073969009096166,-0.8014347237957906,-0.8014339383428722,4.813351209396612,-0.8030856463485663,0.95
(600, 600, 800, 400),(20, 25, 20, 20),0.94,(True, True, True, True):6.376881670878283,2.8873768816635,-0.8014147051194762,-0.801413919666558,5.293271133932049,-0.8030656274827486,0.94
(600, 600, 800, 400),(20, 25, 20, 20),0.93,(True, True, True, True):6.345334084391926,3.3673453340770423,-0.8013831584309413,-0.8013823729780233,5.7731449459813575,-0.8030340804955826,0.93
(600, 600, 800, 400),(20, 25, 20, 20),0.92,(True, True, True, True):6.233946079612927,3.8472339460723695,-0.8012717735966435,-0.8012709881437262,6.252699402419392,-0.8029226946068798,0.92
(600, 600, 800, 400),(20, 25, 20, 20),0.91,(True, True, True, True):5.708235685933211,4.326708235679218,-0.8007460781664679,-0.8007452927135542,6.730596600759336,-0.8023969942003014,0.91
(600, 600, 800, 400),(20, 25, 20, 20),0.9,(True, True, True, True):4.9596947286642,4.805959694722706,-0.714223713437453,-0.686628524156581,7.008460399777102,-0.8016484674633226,0.9
(600, 600, 800, 400),(20, 25, 20, 20),0.89,(True, True, True, True):4.952891961976879,5.285952891956025,-0.4752300252970608,-0.4476348360167108,7.010459418099787,-0.80164166482587,0.89
(600, 600, 800, 400),(20, 25, 20, 20),0.88,(True, True, True, True):4.946089113033772,5.765946089107086,-0.23623344735975094,-0.20863825807996933,7.01245265666027,-0.8016348621061629,0.88
(600, 600, 800, 400),(20, 25, 20, 20),0.87,(True, True, True, True):4.939286182631036,6.245939286176691,0.0027659924023420435,0.030361181679679355,7.014440171410322,-0.8016280593049978,0.87
(600, 600, 800, 400),(20, 25, 20, 20),0.86,(True, True, True, True):4.932483171553292,6.725932483165628,0.24176826642231977,0.2693634556922454,7.016422017495517,-0.8016212564231592,0.86
(600, 600, 800, 400),(20, 25, 20, 20),0.85,(True, True, True, True):4.925680080574906,7.205925680074654,0.4807733474962863,0.5083685367497027,7.018398249270465,-0.8016144534614212,0.85
(600, 600, 800, 400),(20, 25, 20, 20),0.84,(True, True, True, True):4.918876910454488,7.685918876904538,0.7197812089254562,0.7473763981162558,7.02036892031536,-0.8016076504205433,0.84
(600, 600, 800, 400),(20, 25, 20, 20),0.83,(True, True, True, True):4.912073661944686,8.165912073656036,0.9587918242501274,0.9863870132953161,7.022334083448429,-0.8016008473012768,0.83
(600, 600, 800, 400),(20, 25, 20, 20),0.82,(True, True, True, True):4.905270335777704,8.645905270329871,1.19780516755476,1.2254003561790583,7.024293790742811,-0.8015940441043553,0.82
(600, 600, 800, 400),(20, 25, 20, 20),0.81,(True, True, True, True):4.898466932667506,9.12589846692676,1.4368212133653173,1.464416400880793,7.026248093542528,-0.8015872408304917,0.81
(600, 600, 800, 400),(20, 25, 20, 20),0.8,(True, True, True, True):4.891663453284245,9.60589166344739,1.6758399369677015,1.7034351215139611,7.0281970424809055,-0.8015804374803566,0.8
(600, 600, 800, 400),(20, 25, 20, 20),0.79,(True, True, True, True):4.884859898202988,10.085884859892316,1.914861314947483,1.942456491547863,7.030140687510004,-0.8015736340545248,0.79
(600, 600, 800, 400),(20, 25, 20, 20),0.78,(True, True, True, True):4.878056267755091,10.565878056261875,2.153885326789133,2.181480482134338,7.032079077955336,-0.8015668305533278,0.78
(600, 600, 800, 400),(20, 25, 20, 20),0.77,(True, True, True, True):4.871252561621655,11.045871252555742,2.3929119592109593,2.420507057746419,7.034012262643058,-0.8015600269764461,0.77
(600, 600, 800, 400),(20, 25, 20, 20),0.76,(True, True, True, True):4.8644487777204874,11.525864448771857,2.631941217610927,2.6595361643065867,7.035940290224653,-0.8015532233217995,0.76
(600, 600, 800, 400),(20, 25, 20, 20),0.75,(True, True, True, True):4.857644909175263,12.005857644903319,2.8709731566284082,2.898567697897911,7.037863210038872,-0.8015464195825096,0.75
(600, 600, 800, 400),(20, 25, 20, 20),0.74,(True, True, True, True):4.850840936008801,12.485850840930159,3.1100079614827942,3.137601420797299,7.039781074443934,-0.8015396157386007,0.74
(600, 600, 800, 400),(20, 25, 20, 20),0.73,(True, True, True, True):4.8440368024396,12.965844036796598,3.349046164798626,3.376636738635233,7.041693945155857,-0.801532811734292,0.73
(600, 600, 800, 400),(20, 25, 20, 20),0.72,(True, True, True, True):4.837232354803007,13.445837232348966,3.5880892225779,3.615672106734802,7.043601910514473,-0.8015260074159218,0.72
(600, 600, 800, 400),(20, 25, 20, 20),0.71,(True, True, True, True):4.830427171780184,13.925830427165947,3.827141043991989,3.8547034530734527,7.045505132563276,-0.8015192023621793,0.71
(600, 600, 800, 400),(20, 25, 20, 20),0.7,(True, True, True, True):4.823620100158738,14.40582362009434,4.0662120436245965,4.093719996552141,7.047403975443234,-0.8015123954198742,0.7
(600, 600, 800, 400),(20, 25, 20, 20),0.69,(True, True, True, True):4.816807985561247,14.88581680797975,4.3053298248027385,4.332693211004521,7.049299355533602,-0.8015055834346878,0.69
(600, 600, 800, 400),(20, 25, 20, 20),0.68,(True, True, True, True):4.8099822040181355,15.3658099821982,4.544567018474929,4.571548025799488,7.05119369582299,-0.8014987577828173,0.68
(600, 600, 800, 400),(20, 25, 20, 20),0.67,(True, True, True, True):4.803119198066706,15.845803119192265,4.784111627796487,4.810089862849033,7.053093523373769,-0.8014918949072438,0.67
(600, 600, 800, 400),(20, 25, 20, 20),0.66,(True, True, True, True):4.7961547434724086,16.32579615473767,5.0244300766711,5.047834495241154,7.055016513493316,-0.801484930584957,0.66
(600, 600, 800, 400),(20, 25, 20, 20),0.65,(True, True, True, True):4.7889144580699465,16.805788914452283,5.266554005928861,5.283702141842108,7.057010457204972,-0.8014776904371007,0.65
(600, 600, 800, 400),(20, 25, 20, 20),0.64,(True, True, True, True):4.780927531410578,17.28578092752563,5.51212585964397,5.515920848363896,7.059203923318058,-0.8014697036621715,0.64
(600, 600, 800, 400),(20, 25, 20, 20),0.63,(True, True, True, True):4.770925354146383,17.765770925348377,5.7616478549591585,5.743640857324765,7.061941914883238,-0.8014597016749221,0.63
(600, 600, 800, 400),(20, 25, 20, 20),0.62,(True, True, True, True):4.755500431609812,18.245755500425854,6.0111072840889515,5.9699473516076855,7.066145141679911,-0.801444277045417,0.62
(600, 600, 800, 400),(20, 25, 20, 20),0.61,(True, True, True, True):4.725847681763578,18.725725847676042,6.254421800645709,6.198557166725174,7.074161505265511,-0.8014146248588958,0.61
(600, 600, 800, 400),(20, 25, 20, 20),0.6,(True, True, True, True):4.661465160598525,19.205661465154936,6.488505718140492,6.427215853172013,7.091290137563759,-0.8013502435608276,0.6
(600, 600, 800, 400),(20, 25, 20, 20),0.59,(True, True, True, True):4.524014767843746,19.68552401476232,6.7108604644563945,6.649175218328857,7.126701127864467,-0.801212795779266,0.59
(600, 600, 800, 400),(20, 25, 20, 20),0.58,(True, True, True, True):4.265804755270766,20.165265804750003,6.918443401087469,6.858154161759463,7.189622832745064,-0.800954590671998,0.58
(600, 600, 800, 400),(20, 25, 20, 20),0.57,(True, True, True, True):3.857103663480466,20.644857103658627,7.111068833058317,7.052499630423249,7.281834537697654,-0.8005458973444431,0.57
(600, 600, 800, 400),(20, 25, 20, 20),0.56,(True, True, True, True):3.3110295742386593,21.124311029569927,7.288779823209184,7.231752274790095,7.3950213541823855,-0.791242422495214,0.56
(600, 600, 800, 400),(20, 25, 20, 20),0.55,(True, True, True, True):3.302041800303637,21.604302041796004,7.291321849160882,7.2343151965657615,7.396809693336741,-0.31814469709222276,0.55
(600, 600, 800, 400),(20, 25, 20, 20),0.54,(True, True, True, True):3.293053644893982,22.084293053640593,7.293854908758023,7.236869040219146,7.398595996499988,0.1549731082734404,0.54
(600, 600, 800, 400),(20, 25, 20, 20),0.53,(True, True, True, True):3.2840651123862856,22.5642840651081,7.296379110978707,7.239413915881176,7.400380274994836,0.6281107634235492,0.53
(600, 600, 800, 400),(20, 25, 20, 20),0.52,(True, True, True, True):3.2750762070781647,23.044275076202798,7.29889456283354,7.241949931696011,7.402162540056405,1.1012680417202199,0.52
(600, 600, 800, 400),(20, 25, 20, 20),0.51,(True, True, True, True):3.2660869331873608,23.52426608692892,7.3014013694148066,7.24447719387487,7.403942802834346,1.5744447209049093,0.51
(600, 600, 800, 400),(20, 25, 20, 20),0.5,(True, True, True, True):3.257097294784045,24.00425709729053,7.3038996339632,7.246995806759939,7.40572107441029,2.0476405822536083,0.5
(600, 600, 800, 400),(20, 25, 20, 20),0.49,(True, True, True, True):3.2481072953095786,24.484248107291062,7.30638945803628,7.2495058729955115,7.407497365884875,2.520855410467549,0.49
(600, 600, 800, 400),(20, 25, 20, 20),0.48,(True, True, True, True):3.239116933780215,24.96423911692954,7.308870942605013,7.252007494634187,7.409271689136637,2.9940889907059747,0.48
(600, 600, 800, 400),(20, 25, 20, 20),0.47,(True, True, True, True):3.2301261751367893,25.444230126170915,7.311344196215062,7.254500781361626,7.411044062654763,3.4673410860259413,0.47
(600, 600, 800, 400),(20, 25, 20, 20),0.46,(True, True, True, True):3.221134718656903,25.92422113471443,7.313809398262977,7.256985914285478,7.412814557079948,3.940611264939877,0.46
(600, 600, 800, 400),(20, 25, 20, 20),0.45,(True, True, True, True):3.2121401891508303,26.404212140184942,7.3162672913112505,7.259463642213108,7.4145836504723155,4.413897556330496,0.45
(600, 600, 800, 400),(20, 25, 20, 20),0.44,(True, True, True, True):3.203124011001705,26.8842031240068,7.318723013103439,7.2619391444621595,7.416354999698892,4.887185966818935,0.44
(600, 600, 800, 400),(20, 25, 20, 20),0.43,(True, True, True, True):3.193941205100531,27.364193941200906,7.321215893442686,7.2644520667389525,7.418157036633953,5.360368944458502,0.43
(600, 600, 800, 400),(20, 25, 20, 20),0.42,(True, True, True, True):3.1834681306268,27.84418346812644,7.324049037783,7.267307942236515,7.420209768209879,5.832616720029548,0.42
(600, 600, 800, 400),(20, 25, 20, 20),0.41,(True, True, True, True):3.163432834360324,28.3241634328302,7.32943970434542,7.272741722942838,7.424129318529093,6.297852687079613,0.41
(600, 600, 800, 400),(20, 25, 20, 20),0.4,(True, True, True, True):3.0889418871034273,28.804088941883013,7.349159868773826,7.292618067522271,7.4386189262965905,6.723692079417062,0.4
(600, 600, 800, 400),(20, 25, 20, 20),0.39,(True, True, True, True):2.8693115361491475,29.28386931153228,7.404688335277173,7.348573097791318,7.480623905779573,7.0499839728098115,0.39
(600, 600, 800, 400),(20, 25, 20, 20),0.38,(True, True, True, True):2.4931494507269605,29.76349314944724,7.492637215408253,7.437157286150663,7.5503806431775145,7.283318004773024,0.38
(600, 600, 800, 400),(20, 25, 20, 20),0.37,(True, True, True, True):2.0067644180212825,30.243006764415014,7.596787863724218,7.541997897592493,7.637203622796515,7.4670173803640285,0.37
(600, 600, 800, 400),(20, 25, 20, 20),0.36,(True, True, True, True):1.4428470089416605,30.722442847006505,7.708269425191249,7.654148232441473,7.734083294121013,7.625941895381017,0.36
(600, 600, 800, 400),(20, 25, 20, 20),0.35,(True, True, True, True):0.8206597094940546,31.20182065970767,7.823284233735508,7.769785289086171,7.837269501936286,7.771481635013162,0.35
(600, 600, 800, 400),(20, 25, 20, 20),0.34,(True, True, True, True):0.15273640933005195,31.681152736408176,7.940140203508095,7.887211802336479,7.944630769002013,7.909169961625922,0.34
(600, 600, 800, 400),(20, 25, 20, 20),0.33,(True, True, True, True):0.0,31.787004935765662,7.966104474403666,7.913295259297255,7.968763488559101,7.938841713570229,0.33
(600, 600, 800, 400),(20, 25, 20, 20),0.32,(True, True, True, True):0.0,31.7870052665397,7.966104555609322,7.913295340871882,7.96876356417665,7.938841805946128,0.32
(600, 600, 800, 400),(20, 25, 20, 20),0.31,(True, True, True, True):0.0,31.787005597246235,7.966104636815119,7.91329542244644,7.968763639794566,7.938841898322223,0.31
(600, 600, 800, 400),(20, 25, 20, 20),0.3,(True, True, True, True):0.0,31.78700592808802,7.9661047180207465,7.913295504020736,7.968763715412602,7.938841990698153,0.3
(600, 600, 800, 400),(20, 25, 20, 20),0.29,(True, True, True, True):0.0,31.787006258861712,7.966104799226544,7.913295585595163,7.968763791030294,7.938842083074052,0.29
(600, 600, 800, 400),(20, 25, 20, 20),0.28,(True, True, True, True):0.0,31.7870065898837,7.966104880432114,7.913295667169789,7.968763866648069,7.938842175450178,0.28
(600, 600, 800, 400),(20, 25, 20, 20),0.27,(True, True, True, True):0.0,31.7870069203422,7.966104961637855,7.913295748744149,7.968763942265787,7.938842267826501,0.27
(600, 600, 800, 400),(20, 25, 20, 20),0.26,(True, True, True, True):0.0,31.787007251114957,7.966105042843624,7.913295830318578,7.968764017883819,7.938842360202286,0.26
(600, 600, 800, 400),(20, 25, 20, 20),0.25,(True, True, True, True):0.0,31.787007581957173,7.966105124049394,7.913295911892758,7.968764093501174,7.938842452578216,0.25
(600, 600, 800, 400),(20, 25, 20, 20),0.24,(True, True, True, True):0.0,31.787007912731685,7.966105205255049,7.913295993467328,7.968764169119349,7.938842544954229,0.24
(600, 600, 800, 400),(20, 25, 20, 20),0.23,(True, True, True, True):0.0,31.787008243753508,7.966105286460904,7.9132960750415275,7.968764244737323,7.938842637330241,0.23
(600, 600, 800, 400),(20, 25, 20, 20),0.22,(True, True, True, True):0.0,31.787008574212063,7.96610536766636,7.9132961566162,7.968764320355326,7.93884272970645,0.22
(600, 600, 800, 400),(20, 25, 20, 20),0.21,(True, True, True, True):0.0,31.787008904986017,7.9661054488721295,7.913296238190883,7.968764395972932,7.938842822082122,0.21
(600, 600, 800, 400),(20, 25, 20, 20),0.2,(True, True, True, True):0.0,31.787009235827526,7.9661055300779555,7.91329631976498,7.9687644715908545,7.938842914458279,0.2
(600, 600, 800, 400),(20, 25, 20, 20),0.19,(True, True, True, True):0.0,31.78700956660145,7.966105611283753,7.913296401339464,7.968764547208546,7.938843006834178,0.19
(600, 600, 800, 400),(20, 25, 20, 20),0.18,(True, True, True, True):0.0,31.787009897307676,7.966105692489437,7.913296482913966,7.96876462282632,7.9388430992101595,0.18
(600, 600, 800, 400),(20, 25, 20, 20),0.17,(True, True, True, True):0.0,31.787010228396998,7.9661057736951495,7.913296564488318,7.968764698444297,7.9388431915860895,0.17
(600, 600, 800, 400),(20, 25, 20, 20),0.16,(True, True, True, True):0.0,31.787010558855435,7.96610585490089,7.913296646062735,7.968764774061959,7.938843283962412,0.16
(600, 600, 800, 400),(20, 25, 20, 20),0.15,(True, True, True, True):0.0,31.787010889944888,7.966105936106432,7.913296727637315,7.968764849679908,7.938843376337887,0.15
(600, 600, 800, 400),(20, 25, 20, 20),0.14,(True, True, True, True):0.0,31.787011220401784,7.966106017312002,7.913296809211449,7.968764925297597,7.93884346871421,0.14
(600, 600, 800, 400),(20, 25, 20, 20),0.13,(True, True, True, True):0.0,31.787011551244408,7.966106098517573,7.9132968907858,7.968765000915407,7.938843561089913,0.13
(600, 600, 800, 400),(20, 25, 20, 20),0.12,(True, True, True, True):0.0,31.78701188182453,7.9661061797235435,7.913296972360422,7.968765076533231,7.9388436534661215,0.12
(600, 600, 800, 400),(20, 25, 20, 20),0.11,(True, True, True, True):0.0,31.787012212724708,7.966106260929111,7.913297053934615,7.968765152150929,7.938843745841793,0.11
(600, 600, 800, 400),(20, 25, 20, 20),0.1,(True, True, True, True):0.0,31.78701254356598,7.966106342134795,7.913297135509252,7.9687652277689365,7.938843838217723,0.1
(600, 600, 800, 400),(20, 25, 20, 20),0.09,(True, True, True, True):0.0,31.787012874339794,7.966106423340479,7.913297217083224,7.968765303386742,7.938843930593508,0.09
(600, 600, 800, 400),(20, 25, 20, 20),0.08,(True, True, True, True):0.0,31.78701320511376,7.96610650454622,7.913297298657794,7.9687653790047746,7.938844022969521,0.08
(600, 600, 800, 400),(20, 25, 20, 20),0.07,(True, True, True, True):0.0,31.78701353613518,7.9661065857518185,7.913297380232221,7.9687654546222655,7.938844115345306,0.07
(600, 600, 800, 400),(20, 25, 20, 20),0.06,(True, True, True, True):0.0,31.787013866592073,7.966106666957616,7.913297461806696,7.968765530240097,7.938844207721401,0.06
(600, 600, 800, 400),(20, 25, 20, 20),0.05,(True, True, True, True):0.0,31.787014197434893,7.966106748163385,7.91329754338099,7.968765605857906,7.938844300097104,0.05
(600, 600, 800, 400),(20, 25, 20, 20),0.04,(True, True, True, True):0.0,31.787014528141132,7.966106829369041,7.91329762495535,7.968765681475822,7.938844392473086,0.04
(600, 600, 800, 400),(20, 25, 20, 20),0.03,(True, True, True, True):0.0,31.7870148589823,7.966106910574668,7.913297706529475,7.968765757093489,7.938844484849129,0.03
(600, 600, 800, 400),(20, 25, 20, 20),0.02,(True, True, True, True):0.0,31.78701518968833,7.9661069917803236,7.913297788104233,7.968765832711177,7.938844577224997,0.02
(600, 600, 800, 400),(20, 25, 20, 20),0.01,(True, True, True, True):0.0,31.78701552046211,7.966107072985865,7.913297869678347,7.968765908328897,7.93884466960101,0.01
(800, 600, 800, 800),(20, 20, 25, 20),0.1,(True, True, True, True):0.0,31.82045377505724,7.96876522250077,7.966106336477264,7.916816993640884,7.968765222500884,0.10000000149011612
(800, 600, 800, 800),(20, 20, 25, 20),1,(True, True, True, True):6.569781826638313,0.0075697818190659395,0.2605273974583517,-0.8016075997845228,0.2881225866868153,0.2605273974585221,1.0
(800, 600, 800, 800),(20, 20, 25, 20),1.0,(True, True, True, True):6.569781826638313,0.0075697818190659395,0.2605273974583517,-0.8016075997845228,0.2881225866868153,0.2605273974585221,1.0
(800, 600, 800, 800),(20, 20, 25, 20),0.99,(True, True, True, True):6.563716501949845,0.48756371649438235,0.4205233539819821,-0.8016015346324741,0.4481185431628109,0.42052335398192514,0.99
(800, 600, 800, 800),(20, 20, 25, 20),0.98,(True, True, True, True):6.557651177259312,0.9675576511696982,0.580519310519994,-0.8015954694804234,0.6081144996102712,0.5805193105199937,0.98
(800, 600, 800, 800),(20, 20, 25, 20),0.97,(True, True, True, True):6.5515858525648,1.4475515858450139,0.7405152670852906,-0.8015894043283686,0.7681104560029344,0.7405152670853472,0.97
(800, 600, 800, 800),(20, 20, 25, 20),0.96,(True, True, True, True):6.545520527862585,1.927545520520314,0.9005112237028832,-0.8015833391763061,0.9281064122907783,0.900511223702883,0.96
(800, 600, 800, 800),(20, 20, 25, 20),0.95,(True, True, True, True):6.539455203145444,2.40753945519561,1.0605071804204065,-0.8015772740242287,1.0881023683791586,1.0605071804203494,0.95
(800, 600, 800, 800),(20, 20, 25, 20),0.94,(True, True, True, True):6.533389878399403,2.8875333898708595,1.2205031373281279,-0.8015712088721224,1.2480983240869723,1.2205031373279003,0.94
(800, 600, 800, 800),(20, 20, 25, 20),0.93,(True, True, True, True):6.5273245535974,3.3675273245460673,1.3804990945983397,-0.8015651437199601,1.4080942790693503,1.3804990945983395,0.93
(800, 600, 800, 800),(20, 20, 25, 20),0.92,(True, True, True, True):6.521259228687026,3.84752125922116,1.5404950525599381,-0.8015590785676896,1.568090232669012,1.5404950525599947,0.92
(800, 600, 800, 800),(20, 20, 25, 20),0.91,(True, True, True, True):6.51519390356678,4.327515193896044,1.700491011838769,-0.801553013415209,1.7280861836334698,1.7004910118388257,0.91
(800, 600, 800, 800),(20, 20, 25, 20),0.9,(True, True, True, True):6.509128578040092,4.807509128570532,1.8604869736275211,-0.8015469482623222,1.8880821295778578,1.860486973627521,0.9
(800, 600, 800, 800),(20, 20, 25, 20),0.89,(True, True, True, True):6.503063251726252,5.287503063244218,2.0204829401965205,-0.8015408831086481,2.0480780659598183,2.0204829401965205,0.89
(800, 600, 800, 800),(20, 20, 25, 20),0.88,(True, True, True, True):6.496997923887925,5.767496997916393,2.1804789158685955,-0.8015348179534496,2.208073984132672,2.1804789158685387,0.88
(800, 600, 800, 800),(20, 20, 25, 20),0.87,(True, True, True, True):6.49093259309698,6.247490932585604,2.3404749088705237,-0.8015287527952986,2.3680698676399645,2.34047490887041,0.87
(800, 600, 800, 800),(20, 20, 25, 20),0.86,(True, True, True, True):6.484867256587315,6.727484867249105,2.50047093485505,-0.801522687631429,2.528065685170067,2.500470934855334,0.86
(800, 600, 800, 800),(20, 20, 25, 20),0.85,(True, True, True, True):6.478801909001157,7.20747880190152,2.6604670235967,-0.8015166224564833,2.6880613771646624,2.660467023596643,0.85
(800, 600, 800, 800),(20, 20, 25, 20),0.84,(True, True, True, True):6.472736539960557,7.687472736532488,2.8204632317105527,-0.8015105572600837,2.8480568303715375,2.820463231710382,0.84
(800, 600, 800, 800),(20, 20, 25, 20),0.83,(True, True, True, True):6.4666711293630526,8.167466671121892,2.9804596668175143,-0.8015044920221284,3.00805182950909,2.9804596668175143,0.83
(800, 600, 800, 800),(20, 20, 25, 20),0.82,(True, True, True, True):6.460605638268505,8.647460605630815,3.1404565334207084,-0.8014984267036783,3.1680459654932536,3.1404565334206516,0.82
(800, 600, 800, 800),(20, 20, 25, 20),0.81,(True, True, True, True):6.454539991244999,9.127454539983795,3.3004542199619116,-0.8014923612293037,3.328038461289329,3.3004542199619116,0.81
(800, 600, 800, 800),(20, 20, 25, 20),0.8,(True, True, True, True):6.448474042168873,9.607448474034715,3.4604534639034816,-0.8014862954528851,3.488027841680595,3.4604534639034816,0.8
(800, 600, 800, 800),(20, 20, 25, 20),0.79,(True, True, True, True):6.4424075079724,10.08744240750053,3.6204556644363968,-0.8014802290913629,3.648011307718879,3.620455664436681,0.79
(800, 600, 800, 800),(20, 20, 25, 20),0.78,(True, True, True, True):6.436339840304697,10.567436339832867,3.7804634738384286,-0.8014741615964015,3.8079835537526394,3.7804634738381444,0.78
(800, 600, 800, 800),(20, 20, 25, 20),0.77,(True, True, True, True):6.430269976947025,11.047430269969512,3.940481912554153,-0.8014680919058128,3.9679345367671788,3.9404819125539823,0.77
(800, 600, 800, 800),(20, 20, 25, 20),0.76,(True, True, True, True):6.424195860417567,11.527424195853,4.10052046084876,-0.8014620179621733,4.12784529211756,4.10052046084876,0.76
(800, 600, 800, 800),(20, 20, 25, 20),0.75,(True, True, True, True):6.418113506093311,12.00741811349868,4.2605969439736,-0.8014559357809735,4.287680161332493,4.2605969439734865,0.75
(800, 600, 800, 800),(20, 20, 25, 20),0.74,(True, True, True, True):6.4120151996001145,12.487412015192188,4.420744613480271,-0.8014498376480589,4.44737262587977,4.420744613480214,0.74
(800, 600, 800, 800),(20, 20, 25, 20),0.73,(True, True, True, True):6.405886014332203,12.967405886006931,4.581024578355586,-0.8014437086372485,4.606800437933136,4.581024578355586,0.73
(800, 600, 800, 800),(20, 20, 25, 20),0.72,(True, True, True, True):6.399697097743273,13.447399697090345,4.741545985477377,-0.8014375198968171,4.765745246032158,4.741545985477491,0.72
(800, 600, 800, 800),(20, 20, 25, 20),0.71,(True, True, True, True):6.393392767004515,13.92739339275961,4.9024933238444435,-0.801431215745521,4.923837960816049,4.902493323844614,0.71
(800, 600, 800, 800),(20, 20, 25, 20),0.7,(True, True, True, True):6.3868657795726405,14.407386865772187,5.0641462618290705,-0.8014246889438693,5.080519031057794,5.064146261829127,0.7
(800, 600, 800, 800),(20, 20, 25, 20),0.69,(True, True, True, True):6.379909938349478,14.88737990993097,5.226841688145659,-0.801417733300633,5.235114266940106,5.226841688145659,0.69
(800, 600, 800, 800),(20, 20, 25, 20),0.68,(True, True, True, True):6.372128648536886,15.367372128641158,5.3907900226663985,-0.8014099522323024,5.387202035540885,5.390790022666455,0.68
(800, 600, 800, 800),(20, 20, 25, 20),0.67,(True, True, True, True):6.362757290331058,15.847362757282966,5.555746287180786,-0.8014005811408373,5.537270764062261,5.555746287180672,0.67
(800, 600, 800, 800),(20, 20, 25, 20),0.66,(True, True, True, True):6.3503230917221005,16.32735032308437,5.720857852924145,-0.8013881472961478,5.687022764531936,5.720857852924259,0.66
(800, 600, 800, 800),(20, 20, 25, 20),0.65,(True, True, True, True):6.332020476007906,16.807332020468678,5.885086722468761,-0.8013698452013883,5.83852842073235,5.885086722468931,0.65
(800, 600, 800, 800),(20, 20, 25, 20),0.64,(True, True, True, True):6.302624914590686,17.287302624907287,6.047874415640867,-0.8013404504766687,5.992894244102037,6.0478744156409805,0.64
(800, 600, 800, 800),(20, 20, 25, 20),0.63,(True, True, True, True):6.252769589512587,17.76725276958226,6.209301021665614,-0.8012905965706425,6.149941322821566,6.209301021665614,0.63
(800, 600, 800, 800),(20, 20, 25, 20),0.62,(True, True, True, True):6.166746515546341,18.247166746508384,6.36975379000494,-0.8012045759451852,6.308863742443681,6.369753790004883,0.62
(800, 600, 800, 800),(20, 20, 25, 20),0.61,(True, True, True, True):6.021117537011366,18.727021117529993,6.529612180619428,-0.8010589511117459,6.468855707403056,6.529612180619201,0.61
(800, 600, 800, 800),(20, 20, 25, 20),0.6,(True, True, True, True):5.787051596822185,19.206787051590037,6.689138325267483,-0.8008248918338686,6.629335292888745,6.6891383252676535,0.6
(800, 600, 800, 800),(20, 20, 25, 20),0.59,(True, True, True, True):5.438494553002541,19.686438494546564,6.848486485113701,-0.8004763447111668,6.7899418690305895,6.848486485113644,0.59
(800, 600, 800, 800),(20, 20, 25, 20),0.58,(True, True, True, True):4.9621406758351,20.165962140669873,7.007740219577603,-0.8000000043926504,6.950481705906943,7.007740219577717,0.58
(800, 600, 800, 800),(20, 20, 25, 20),0.57,(True, True, True, True):4.94880912679222,20.645948809120842,7.01165638387588,-0.3317925265149489,6.95442856788228,7.011656383881223,0.57
(800, 600, 800, 800),(20, 20, 25, 20),0.56,(True, True, True, True):4.935480010716549,21.12593548000478,7.015549679374579,0.13648380242166186,6.958352318840786,7.015549679374522,0.56
(800, 600, 800, 800),(20, 20, 25, 20),0.55,(True, True, True, True):4.92214907728991,21.605922149071368,7.019421768490964,0.6048239776839746,6.962254634373869,7.019421768532744,0.55
(800, 600, 800, 800),(20, 20, 25, 20),0.54,(True, True, True, True):4.908816359254444,22.085908816353335,7.023273033327633,1.0732268502230904,6.966135899538619,7.0232730332772695,0.54
(800, 600, 800, 800),(20, 20, 25, 20),0.53,(True, True, True, True):4.8954818894729275,22.565895481883576,7.027103858554972,1.5416912624020365,6.969996502389142,7.027103858554006,0.53
(800, 600, 800, 800),(20, 20, 25, 20),0.52,(True, True, True, True):4.882145698695652,23.045882145692808,7.030914607185799,2.0102161225275488,6.973836808814189,7.030914607185401,0.52
(800, 600, 800, 800),(20, 20, 25, 20),0.51,(True, True, True, True):4.868807815173814,23.525868807809307,7.0347056382379725,2.4788003504917917,6.977657180865128,7.034705638237916,0.51
(800, 600, 800, 800),(20, 20, 25, 20),0.5,(True, True, True, True):4.85546825086754,24.005855468245006,7.038477304769095,2.9474428841576916,6.98145797457588,7.038477304769208,0.5
(800, 600, 800, 800),(20, 20, 25, 20),0.49,(True, True, True, True):4.842126903933501,24.48584212689809,7.042229982371942,3.416142593479048,6.985239568704946,7.042229982372169,0.49
(800, 600, 800, 800),(20, 20, 25, 20),0.48,(True, True, True, True):4.828782842539103,24.965828782836713,7.0459642686075545,3.884897679957316,6.989002565697353,7.045964268607782,0.48
(800, 600, 800, 800),(20, 20, 25, 20),0.47,(True, True, True, True):4.815429049229007,25.445815429043417,7.04968243723514,4.353701297574968,6.992749257034779,7.0496824372350835,0.47
(800, 600, 800, 800),(20, 20, 25, 20),0.46,(True, True, True, True):4.802013863228492,25.92580201385742,7.053399052632677,4.822509589974015,6.9964943186582556,7.053399052632563,0.46
(800, 600, 800, 800),(20, 20, 25, 20),0.45,(True, True, True, True):4.788158987581165,26.405788158981796,7.0572182066687,5.291009109838864,7.000342635849085,7.057218206668472,0.45
(800, 600, 800, 800),(20, 20, 25, 20),0.44,(True, True, True, True):4.771145881949799,26.885771145876177,7.061881653914532,5.756966239005816,7.005041599088065,7.0618816539147025,0.44
(800, 600, 800, 800),(20, 20, 25, 20),0.43,(True, True, True, True):4.733681032502713,27.365733681026768,7.072051869482073,6.206341037163337,7.01528890494925,7.072051869482016,0.43
(800, 600, 800, 800),(20, 20, 25, 20),0.42,(True, True, True, True):4.611979626282684,27.84561197962067,7.1042125052215175,6.589497038829631,7.04768993040094,7.1042125052215175,0.42
(800, 600, 800, 800),(20, 20, 25, 20),0.41,(True, True, True, True):4.34369346842188,28.325343693463083,7.171084005954788,6.868131736127975,7.115043945480215,7.171084005954731,0.41
(800, 600, 800, 800),(20, 20, 25, 20),0.4,(True, True, True, True):3.948462661617649,28.80494846265666,7.26187718988698,7.074740892862803,7.206453190076138,7.261877189886696,0.4
(800, 600, 800, 800),(20, 20, 25, 20),0.39,(True, True, True, True):3.4612666381082473,29.28446126663365,7.364803275820498,7.244831398672272,7.310023316377885,7.364803275820328,0.39
(800, 600, 800, 800),(20, 20, 25, 20),0.38,(True, True, True, True):2.9043230164225955,29.763904323012518,7.473995892133224,7.396073190720141,7.419839348084599,7.4739958921329395,0.38
(800, 600, 800, 800),(20, 20, 25, 20),0.37,(True, True, True, True):2.292076601269219,30.243292076597978,7.586690410120844,7.536792809714381,7.533118446701598,7.58669041012056,0.37
(800, 600, 800, 800),(20, 20, 25, 20),0.36,(True, True, True, True):1.6349109121585157,30.722634910909523,7.7014866796629695,7.671205923515355,7.648455628128806,7.701486679662799,0.36
(800, 600, 800, 800),(20, 20, 25, 20),0.35,(True, True, True, True):0.9407238573845923,31.201940723855444,7.817619264932865,7.801615873589537,7.765086320461512,7.817619264932978,0.35
(800, 600, 800, 800),(20, 20, 25, 20),0.34,(True, True, True, True):0.21568791816180463,31.681215687916943,7.934642023603636,7.929364136470962,7.882567504301255,7.934642023603579,0.34
(800, 600, 800, 800),(20, 20, 25, 20),0.33,(True, True, True, True):0.0,31.82044668333912,7.968763483290821,7.966104468745936,7.916815248074192,7.968763483290764,0.33
(800, 600, 800, 800),(20, 20, 25, 20),0.32,(True, True, True, True):0.0,31.820446991674626,7.968763558908768,7.966104549951705,7.916815323968228,7.9687635589086545,0.32
(800, 600, 800, 800),(20, 20, 25, 20),0.31,(True, True, True, True):0.0,31.820447300010315,7.968763634526318,7.966104631157361,7.916815399862662,7.968763634526545,0.31
(800, 600, 800, 800),(20, 20, 25, 20),0.3,(True, True, True, True):0.0,31.82044760834617,7.968763710144322,7.966104712363187,7.916815475756811,7.968763710144208,0.3
(800, 600, 800, 800),(20, 20, 25, 20),0.29,(True, True, True, True):0.0,31.820447916681818,7.968763785762099,7.96610479356907,7.916815551651075,7.968763785762099,0.29
(800, 600, 800, 800),(20, 20, 25, 20),0.28,(True, True, True, True):0.0,31.820448225017344,7.968763861379876,7.966104874774725,7.916815627545395,7.968763861380217,0.28
(800, 600, 800, 800),(20, 20, 25, 20),0.27,(True, True, True, True):0.0,31.82044853335285,7.96876393699788,7.966104955980494,7.916815703439317,7.96876393699788,0.27
(800, 600, 800, 800),(20, 20, 25, 20),0.26,(True, True, True, True):0.0,31.820448841688663,7.968764012615487,7.96610503718615,7.916815779333978,7.9687640126155435,0.26
(800, 600, 800, 800),(20, 20, 25, 20),0.25,(True, True, True, True):0.0,31.82044915002387,7.968764088233491,7.966105118391749,7.916815855228185,7.968764088233207,0.25
(800, 600, 800, 800),(20, 20, 25, 20),0.24,(True, True, True, True):0.0,31.82044945835979,7.968764163851438,7.9661051995976315,7.916815931122221,7.968764163851097,0.24
(800, 600, 800, 800),(20, 20, 25, 20),0.23,(True, True, True, True):0.0,31.820449766695297,7.968764239469329,7.966105280803287,7.916816007016427,7.968764239468988,0.23
(800, 600, 800, 800),(20, 20, 25, 20),0.22,(True, True, True, True):0.0,31.820450075030834,7.968764315087163,7.966105362009056,7.916816082910406,7.968764315087106,0.22
(800, 600, 800, 800),(20, 20, 25, 20),0.21,(True, True, True, True):0.0,31.820450383366456,7.968764390704883,7.966105443214712,7.916816158804613,7.968764390704769,0.21
(800, 600, 800, 800),(20, 20, 25, 20),0.2,(True, True, True, True):0.0,31.820450691702067,7.968764466322603,7.9661055244203105,7.916816234699274,7.968764466322432,0.2
(800, 600, 800, 800),(20, 20, 25, 20),0.19,(True, True, True, True):0.0,31.820451000037583,7.968764541940437,7.966105605625966,7.91681631059331,7.96876454194055,0.19
(800, 600, 800, 800),(20, 20, 25, 20),0.18,(True, True, True, True):0.0,31.820451308373055,7.9687646175582705,7.966105686831735,7.916816386487346,7.968764617558214,0.18
(800, 600, 800, 800),(20, 20, 25, 20),0.17,(True, True, True, True):0.0,31.820451616708585,7.968764693175763,7.966105768037675,7.916816462381666,7.968764693176332,0.17
(800, 600, 800, 800),(20, 20, 25, 20),0.16,(True, True, True, True):0.0,31.820451925044317,7.968764768793938,7.9661058492433305,7.916816538275702,7.9687647687937675,0.16
(800, 600, 800, 800),(20, 20, 25, 20),0.15,(True, True, True, True):0.0,31.82045223337987,7.9687648444118855,7.966105930448872,7.916816614169965,7.968764844411431,0.15
(800, 600, 800, 800),(20, 20, 25, 20),0.14,(True, True, True, True):0.0,31.820452541715476,7.968764920029662,7.966106011654528,7.916816690064399,7.968764920029549,0.14
(800, 600, 800, 800),(20, 20, 25, 20),0.13,(True, True, True, True):0.0,31.820452850050874,7.9687649956473825,7.966106092860297,7.916816765958435,7.968764995647439,0.13
(800, 600, 800, 800),(20, 20, 25, 20),0.12,(True, True, True, True):0.0,31.820453158386336,7.968765071264818,7.966106174066237,7.9168168418526985,7.968765071265557,0.12
(800, 600, 800, 800),(20, 20, 25, 20),0.11,(True, True, True, True):0.0,31.820453466721844,7.9687651468828795,7.966106255271665,7.916816917746962,7.968765146882993,0.11
(800, 600, 800, 800),(20, 20, 25, 20),0.09,(True, True, True, True):0.0,31.820454083392914,7.968765298118661,7.966106417683147,7.9168170695354885,7.968765298118547,0.09
(800, 600, 800, 800),(20, 20, 25, 20),0.08,(True, True, True, True):0.0,31.82045439172833,7.968765373736551,7.966106498888802,7.916817145429524,7.96876537373621,0.08
(800, 600, 800, 800),(20, 20, 25, 20),0.07,(True, True, True, True):0.0,31.820454700063845,7.968765449353987,7.966106580094628,7.916817221323731,7.968765449354101,0.07
(800, 600, 800, 800),(20, 20, 25, 20),0.06,(True, True, True, True):0.0,31.82045500839937,7.968765524972048,7.966106661300113,7.916817297217937,7.968765524971764,0.06
(800, 600, 800, 800),(20, 20, 25, 20),0.05,(True, True, True, True):0.0,31.820455316734797,7.968765600589655,7.966106742505655,7.916817373111803,7.9687656005901095,0.05
(800, 600, 800, 800),(20, 20, 25, 20),0.04,(True, True, True, True):0.0,31.820455625070323,7.968765676207375,7.966106823711652,7.91681744900618,7.968765676207773,0.04
(800, 600, 800, 800),(20, 20, 25, 20),0.03,(True, True, True, True):0.0,31.820455933405782,7.9687657518256065,7.96610690491708,7.916817524900443,7.968765751825436,0.03
(800, 600, 800, 800),(20, 20, 25, 20),0.02,(True, True, True, True):0.0,31.820456241741372,7.96876582744327,7.96610698612302,7.916817600794479,7.968765827443327,0.02
(800, 600, 800, 800),(20, 20, 25, 20),0.01,(True, True, True, True):0.0,31.82045655007691,7.968765903061047,7.966107067328846,7.9168176766886855,7.968765903061217,0.01
(800, 600, 800, 800),(20, 20, 25, 20),0.0,(True, True, True, True):0.0,31.82045685841205,7.968765978679108,7.966107148534103,7.916817752583006,7.968765978678653,0.0
